    100.00      0.00000    
    200.00      0.00000    
    300.00      0.00000    
    400.00      0.00000    
    500.00      0.00000    
    600.00      0.00000    
    700.00      0.00000    
    800.00      0.00000    
    900.00      0.13910E-32
    1000.0      0.89921E-24
    1100.0      0.79127E-18
    1200.0      0.10761E-13
    1300.0      0.98957E-11
    1400.0      0.15007E-08
    1500.0      0.65594E-07
    1600.0      0.12422E-05
    1700.0      0.12292E-04
    1800.0      0.74787E-04
    1900.0      0.31618E-03
    2000.0      0.10134E-02
    2100.0      0.26590E-02
    2200.0      0.59025E-02
    2300.0      0.11437E-01
    2400.0      0.19885E-01
    2500.0      0.31688E-01
    2600.0      0.47051E-01
    2700.0      0.65937E-01
    2800.0      0.88101E-01
    2900.0      0.11314    
    3000.0      0.14058    
    3100.0      0.17031    
    3200.0      0.20157    
    3300.0      0.23370    
    3400.0      0.26624    
    3500.0      0.29878    
    3600.0      0.33098    
    3700.0      0.36257    
    3800.0      0.39333    
    3900.0      0.42309    
    4000.0      0.45176    
    4100.0      0.47925    
    4200.0      0.50581    
    4300.0      0.53110    
    4400.0      0.55513    
    4500.0      0.57791    
    4600.0      0.59946    
    4700.0      0.61983    
    4800.0      0.63906    
    4900.0      0.65719    
    5000.0      0.67428    
    5100.0      0.69039    
    5200.0      0.70556    
    5300.0      0.71994    
    5400.0      0.73349    
    5500.0      0.74625    
    5600.0      0.75826    
    5700.0      0.76957    
    5800.0      0.78021    
    5900.0      0.79023    
    6000.0      0.79967    
    6100.0      0.80857    
    6200.0      0.81696    
    6300.0      0.82487    
    6400.0      0.83237    
    6500.0      0.83946    
    6600.0      0.84615    
    6700.0      0.85247    
    6800.0      0.85845    
    6900.0      0.86409    
    7000.0      0.86943    
    7100.0      0.87448    
    7200.0      0.87927    
    7300.0      0.88379    
    7400.0      0.88809    
    7500.0      0.89215    
    7600.0      0.89601    
    7700.0      0.89968    
    7800.0      0.90315    
    7900.0      0.90645    
    8000.0      0.90959    
    8100.0      0.91258    
    8200.0      0.91542    
    8300.0      0.91813    
    8400.0      0.92072    
    8500.0      0.92319    
    8600.0      0.92554    
    8700.0      0.92779    
    8800.0      0.92993    
    8900.0      0.93197    
    9000.0      0.93392    
    9100.0      0.93577    
    9200.0      0.93755    
    9300.0      0.93925    
    9400.0      0.94087    
    9500.0      0.94242    
    9600.0      0.94390    
    9700.0      0.94532    
    9800.0      0.94668    
    9900.0      0.94798    
    10000.      0.94922    
    10100.      0.95042    
    10200.      0.95158    
    10300.      0.95268    
    10400.      0.95375    
    10500.      0.95476    
    10600.      0.95574    
    10700.      0.95668    
    10800.      0.95758    
    10900.      0.95845    
    11000.      0.95929    
    11100.      0.96009    
    11200.      0.96086    
    11300.      0.96160    
    11400.      0.96231    
    11500.      0.96300    
    11600.      0.96366    
    11700.      0.96430    
    11800.      0.96492    
    11900.      0.96551    
    12000.      0.96608    
    12100.      0.96663    
    12200.      0.96716    
    12300.      0.96767    
    12400.      0.96816    
    12500.      0.96864    
    12600.      0.96911    
    12700.      0.96956    
    12800.      0.96999    
    12900.      0.97040    
    13000.      0.97081    
    13100.      0.97120    
    13200.      0.97157    
    13300.      0.97194    
    13400.      0.97229    
    13500.      0.97263    
    13600.      0.97296    
    13700.      0.97328    
    13800.      0.97358    
    13900.      0.97388    
    14000.      0.97417    
    14100.      0.97445    
    14200.      0.97472    
    14300.      0.97498    
    14400.      0.97523    
    14500.      0.97548    
    14600.      0.97571    
    14700.      0.97594    
    14800.      0.97617    
    14900.      0.97638    
    15000.      0.97659    
    15100.      0.97680    
    15200.      0.97701    
    15300.      0.97721    
    15400.      0.97740    
    15500.      0.97759    
    15600.      0.97778    
    15700.      0.97795    
    15800.      0.97813    
    15900.      0.97830    
    16000.      0.97846    
    16100.      0.97862    
    16200.      0.97877    
    16300.      0.97892    
    16400.      0.97907    
    16500.      0.97921    
    16600.      0.97935    
    16700.      0.97949    
    16800.      0.97962    
    16900.      0.97975    
    17000.      0.97987    
    17100.      0.97999    
    17200.      0.98011    
    17300.      0.98023    
    17400.      0.98034    
    17500.      0.98045    
    17600.      0.98055    
    17700.      0.98066    
    17800.      0.98076    
    17900.      0.98085    
    18000.      0.98095    
    18100.      0.98104    
    18200.      0.98113    
    18300.      0.98122    
    18400.      0.98131    
    18500.      0.98139    
    18600.      0.98147    
    18700.      0.98155    
    18800.      0.98163    
    18900.      0.98170    
    19000.      0.98178    
    19100.      0.98185    
    19200.      0.98192    
    19300.      0.98199    
    19400.      0.98205    
    19500.      0.98212    
    19600.      0.98218    
    19700.      0.98224    
    19800.      0.98230    
    19900.      0.98236    
    20000.      0.98242    
    20100.      0.98248    
    20200.      0.98254    
    20300.      0.98260    
    20400.      0.98266    
    20500.      0.98272    
    20600.      0.98277    
    20700.      0.98283    
    20800.      0.98288    
    20900.      0.98294    
    21000.      0.98299    
    21100.      0.98304    
    21200.      0.98309    
    21300.      0.98314    
    21400.      0.98318    
    21500.      0.98323    
    21600.      0.98327    
    21700.      0.98332    
    21800.      0.98336    
    21900.      0.98341    
    22000.      0.98345    
    22100.      0.98349    
    22200.      0.98353    
    22300.      0.98357    
    22400.      0.98361    
    22500.      0.98364    
    22600.      0.98368    
    22700.      0.98372    
    22800.      0.98375    
    22900.      0.98379    
    23000.      0.98382    
    23100.      0.98385    
    23200.      0.98389    
    23300.      0.98392    
    23400.      0.98395    
    23500.      0.98398    
    23600.      0.98401    
    23700.      0.98404    
    23800.      0.98407    
    23900.      0.98410    
    24000.      0.98412    
    24100.      0.98415    
    24200.      0.98418    
    24300.      0.98420    
    24400.      0.98423    
    24500.      0.98426    
    24600.      0.98428    
    24700.      0.98431    
    24800.      0.98433    
    24900.      0.98435    
    25000.      0.98438    
    25100.      0.98440    
    25200.      0.98442    
    25300.      0.98444    
    25400.      0.98446    
    25500.      0.98448    
    25600.      0.98450    
    25700.      0.98452    
    25800.      0.98454    
    25900.      0.98456    
    26000.      0.98458    
    26100.      0.98460    
    26200.      0.98462    
    26300.      0.98464    
    26400.      0.98466    
    26500.      0.98467    
    26600.      0.98469    
    26700.      0.98471    
    26800.      0.98472    
    26900.      0.98474    
    27000.      0.98476    
    27100.      0.98477    
    27200.      0.98479    
    27300.      0.98480    
    27400.      0.98482    
    27500.      0.98483    
    27600.      0.98485    
    27700.      0.98486    
    27800.      0.98487    
    27900.      0.98489    
    28000.      0.98490    
    28100.      0.98491    
    28200.      0.98493    
    28300.      0.98494    
    28400.      0.98495    
    28500.      0.98496    
    28600.      0.98497    
    28700.      0.98499    
    28800.      0.98500    
    28900.      0.98501    
    29000.      0.98502    
    29100.      0.98503    
    29200.      0.98504    
    29300.      0.98505    
    29400.      0.98506    
    29500.      0.98507    
    29600.      0.98508    
    29700.      0.98509    
    29800.      0.98510    
    29900.      0.98511    
    30000.      0.98512    
