    100.00      0.93210E-08
    200.00      0.22403E-01
    300.00      0.21458    
    400.00      0.49370    
    500.00      0.31922E-02
    600.00      0.60376E-02
    700.00      0.31327E-01
    800.00      0.85513E-01
    900.00      0.16451    
    1000.0      0.25525    
    1100.0      0.34749    
    1200.0      0.43381    
    1300.0      0.51136    
    1400.0      0.57939    
    1500.0      0.63738    
    1600.0      0.68688    
    1700.0      0.72856    
    1800.0      0.76395    
    1900.0      0.79395    
    2000.0      0.81929    
    2100.0      0.84086    
    2200.0      0.85936    
    2300.0      0.87522    
    2400.0      0.88888    
    2500.0      0.90069    
    2600.0      0.91094    
    2700.0      0.91987    
    2800.0      0.92769    
    2900.0      0.93454    
    3000.0      0.94059    
    3100.0      0.94593    
    3200.0      0.95067    
    3300.0      0.94945    
    3400.0      0.95358    
    3500.0      0.95728    
    3600.0      0.96060    
    3700.0      0.96361    
    3800.0      0.96632    
    3900.0      0.96877    
    4000.0      0.97101    
    4100.0      0.97303    
    4200.0      0.97488    
    4300.0      0.97657    
    4400.0      0.97811    
    4500.0      0.97952    
    4600.0      0.98081    
    4700.0      0.98200    
    4800.0      0.98309    
    4900.0      0.98410    
    5000.0      0.98503    
    5100.0      0.98589    
    5200.0      0.98669    
    5300.0      0.98743    
    5400.0      0.98811    
    5500.0      0.98875    
    5600.0      0.98935    
    5700.0      0.98990    
    5800.0      0.99042    
    5900.0      0.99090    
    6000.0      0.99135    
    6100.0      0.99177    
    6200.0      0.99217    
    6300.0      0.99254    
    6400.0      0.99288    
    6500.0      0.99321    
    6600.0      0.99352    
    6700.0      0.99381    
    6800.0      0.99408    
    6900.0      0.99434    
    7000.0      0.99458    
    7100.0      0.99481    
    7200.0      0.99503    
    7300.0      0.99523    
    7400.0      0.99542    
    7500.0      0.99561    
    7600.0      0.99578    
    7700.0      0.99595    
    7800.0      0.99610    
    7900.0      0.99625    
    8000.0      0.99639    
    8100.0      0.99653    
    8200.0      0.99666    
    8300.0      0.99678    
    8400.0      0.99689    
    8500.0      0.99700    
    8600.0      0.99711    
    8700.0      0.99721    
    8800.0      0.99730    
    8900.0      0.99740    
    9000.0      0.99748    
    9100.0      0.99757    
    9200.0      0.99765    
    9300.0      0.99772    
    9400.0      0.99780    
    9500.0      0.99787    
    9600.0      0.99793    
    9700.0      0.99800    
    9800.0      0.99806    
    9900.0      0.99812    
    10000.      0.99818    
    10100.      0.99823    
    10200.      0.99828    
    10300.      0.99833    
    10400.      0.99838    
    10500.      0.99843    
    10600.      0.99847    
    10700.      0.99851    
    10800.      0.99856    
    10900.      0.99860    
    11000.      0.99863    
    11100.      0.99867    
    11200.      0.99871    
    11300.      0.99874    
    11400.      0.99877    
    11500.      0.99881    
    11600.      0.99884    
    11700.      0.99887    
    11800.      0.99889    
    11900.      0.99892    
    12000.      0.99895    
    12100.      0.99898    
    12200.      0.99900    
    12300.      0.99902    
    12400.      0.99905    
    12500.      0.99907    
    12600.      0.99909    
    12700.      0.99911    
    12800.      0.99913    
    12900.      0.99915    
    13000.      0.99917    
    13100.      0.99919    
    13200.      0.99921    
    13300.      0.99923    
    13400.      0.99924    
    13500.      0.99926    
    13600.      0.99928    
    13700.      0.99929    
    13800.      0.99931    
    13900.      0.99932    
    14000.      0.99933    
    14100.      0.99935    
    14200.      0.99936    
    14300.      0.99937    
    14400.      0.99939    
    14500.      0.99940    
    14600.      0.99941    
    14700.      0.99942    
    14800.      0.99943    
    14900.      0.99944    
    15000.      0.99945    
    15100.      0.99946    
    15200.      0.99947    
    15300.      0.99948    
    15400.      0.99949    
    15500.      0.99950    
    15600.      0.99951    
    15700.      0.99952    
    15800.      0.99953    
    15900.      0.99954    
    16000.      0.99955    
    16100.      0.99955    
    16200.      0.99956    
    16300.      0.99957    
    16400.      0.99958    
    16500.      0.99958    
    16600.      0.99959    
    16700.      0.99960    
    16800.      0.99960    
    16900.      0.99961    
    17000.      0.99962    
    17100.      0.99962    
    17200.      0.99963    
    17300.      0.99963    
    17400.      0.99964    
    17500.      0.99964    
    17600.      0.99965    
    17700.      0.99965    
    17800.      0.99966    
    17900.      0.99966    
    18000.      0.99967    
    18100.      0.99967    
    18200.      0.99968    
    18300.      0.99968    
    18400.      0.99969    
    18500.      0.99969    
    18600.      0.99970    
    18700.      0.99970    
    18800.      0.99970    
    18900.      0.99971    
    19000.      0.99971    
    19100.      0.99972    
    19200.      0.99972    
    19300.      0.99972    
    19400.      0.99973    
    19500.      0.99973    
    19600.      0.99973    
    19700.      0.99974    
    19800.      0.99974    
    19900.      0.99974    
    20000.      0.99975    
    20100.      0.99975    
    20200.      0.99975    
    20300.      0.99976    
    20400.      0.99976    
    20500.      0.99976    
    20600.      0.99976    
    20700.      0.99977    
    20800.      0.99977    
    20900.      0.99977    
    21000.      0.99977    
    21100.      0.99978    
    21200.      0.99978    
    21300.      0.99978    
    21400.      0.99978    
    21500.      0.99979    
    21600.      0.99979    
    21700.      0.99979    
    21800.      0.99979    
    21900.      0.99980    
    22000.      0.99980    
    22100.      0.99980    
    22200.      0.99980    
    22300.      0.99980    
    22400.      0.99981    
    22500.      0.99981    
    22600.      0.99981    
    22700.      0.99981    
    22800.      0.99981    
    22900.      0.99981    
    23000.      0.99982    
    23100.      0.99982    
    23200.      0.99982    
    23300.      0.99982    
    23400.      0.99982    
    23500.      0.99982    
    23600.      0.99983    
    23700.      0.99983    
    23800.      0.99983    
    23900.      0.99983    
    24000.      0.99983    
    24100.      0.99983    
    24200.      0.99983    
    24300.      0.99984    
    24400.      0.99984    
    24500.      0.99984    
    24600.      0.99984    
    24700.      0.99984    
    24800.      0.99984    
    24900.      0.99984    
    25000.      0.99984    
    25100.      0.99985    
    25200.      0.99985    
    25300.      0.99985    
    25400.      0.99985    
    25500.      0.99985    
    25600.      0.99985    
    25700.      0.99985    
    25800.      0.99985    
    25900.      0.99985    
    26000.      0.99986    
    26100.      0.99986    
    26200.      0.99986    
    26300.      0.99986    
    26400.      0.99986    
    26500.      0.99986    
    26600.      0.99986    
    26700.      0.99986    
    26800.      0.99986    
    26900.      0.99986    
    27000.      0.99987    
    27100.      0.99987    
    27200.      0.99987    
    27300.      0.99987    
    27400.      0.99987    
    27500.      0.99987    
    27600.      0.99987    
    27700.      0.99987    
    27800.      0.99987    
    27900.      0.99987    
    28000.      0.99987    
    28100.      0.99987    
    28200.      0.99987    
    28300.      0.99988    
    28400.      0.99988    
    28500.      0.99988    
    28600.      0.99988    
    28700.      0.99988    
    28800.      0.99988    
    28900.      0.99988    
    29000.      0.99988    
    29100.      0.99988    
    29200.      0.99988    
    29300.      0.99988    
    29400.      0.99988    
    29500.      0.99988    
    29600.      0.99988    
    29700.      0.99988    
    29800.      0.99988    
    29900.      0.99989    
    30000.      0.99989    
